.Random.seed <-
c(403L, 278L, 766787159L, -1789033686L, -401969220L, 694903099L, 
1551579395L, 97829937L, -1675646871L, 1119863230L, 1321127436L, 
-36092969L, -1316714473L, -1874762616L, 476393656L, 808296556L, 
1148206570L, -905198286L, 1805185617L, 1052906261L, 111507646L, 
-652595701L, 323918022L, 677064213L, 888769725L, -1564045602L, 
2063973932L, 1312184432L, -872278905L, -845999206L, -1254564980L, 
1713613512L, 782904354L, 741621221L, -59294144L, 1674690115L, 
1877087821L, 680237458L, 1355928670L, -352047868L, 1404144931L, 
159921929L, 791443165L, -1261332057L, 2006216872L, 1502424655L, 
-1984701356L, -864072796L, 1115736860L, 739967892L, -79313514L, 
-245953932L, 1266719163L, 1273779464L, 643644261L, 892742817L, 
-1204787833L, 541502442L, -1339931887L, 210158960L, 1130805382L, 
-1467734461L, -995093942L, -247776409L, 1750043009L, -592720367L, 
1688898034L, 2094391285L, -1577040928L, 2010175024L, -1387557196L, 
-992075785L, 1597560521L, 878468161L, -2088922214L, -1720070823L, 
-1268665438L, 588666006L, 284149295L, -294153373L, 312715391L, 
1488201235L, -1747219913L, -386271180L, 546411979L, 1189583664L, 
153566014L, -1993595179L, 250156781L, 1216384112L, -556594880L, 
266827848L, 1037511650L, 2125799336L, 1998761321L, 1521446969L, 
-1163980824L, -130834137L, 291496295L, 1786437206L, -1698386962L, 
-881384015L, -2004340327L, 1989944752L, 1331426167L, 542339674L, 
-826581957L, -1548650061L, -969330700L, 131346531L, 1881818013L, 
-1366389998L, -971751387L, -265030888L, 1315737637L, -972158949L, 
752454989L, 839081047L, 118553737L, -1090129663L, 874992185L, 
334459094L, -1071979540L, 13515952L, -780965574L, -2059833274L, 
663476329L, 1167704675L, -435328898L, -1434556018L, -1831965025L, 
2119335846L, 1428528157L, 1211726859L, 86051180L, -1401622004L, 
1878674360L, -144147191L, 1134845114L, -842452508L, 1042880095L, 
709767340L, -98586462L, 11883687L, -1877468029L, -631548226L, 
1758709970L, 212807353L, 828607641L, 204995684L, -46715553L, 
-823422611L, -856270584L, 1585638190L, 926191251L, -1686419193L, 
-1912761934L, 275804050L, 1601966181L, -1515279920L, -1988618937L, 
-1798787203L, 1384751982L, -1952331281L, 903493791L, 1527857906L, 
644387871L, 928256268L, -2132853583L, -1894054347L, 1626897487L, 
1212162857L, -1997461012L, -1298288209L, -1572322766L, -1227835015L, 
-603082881L, 1282786851L, 48235553L, 1393562313L, -737360076L, 
-343025914L, 571226773L, 1209087258L, 282578114L, 1944699189L, 
-1772801258L, -1676005711L, -479178409L, 1970353208L, -722889516L, 
-1456155923L, 1809622691L, 284841262L, -1169424172L, -879647447L, 
-1994787489L, -225695156L, 1932510076L, 2140984913L, -838884080L, 
-1606048355L, 1908392696L, -1223225108L, 2114164701L, 1030573834L, 
-1070820571L, 509408479L, -968916200L, 1374340802L, 450083796L, 
-1287188721L, 178060502L, 1133959701L, -1952010272L, 647066392L, 
1164501613L, -1681569744L, -1083311836L, -217247523L, -1416536782L, 
-583251365L, 1601595864L, 1480167467L, -553315230L, 767695221L, 
-1698747915L, -866967621L, -1345411550L, 711453724L, -1414407430L, 
-827625330L, -74894873L, -1499364842L, -701314082L, -1264355252L, 
-204548779L, 1972618482L, -98908513L, -2112945655L, 1171675485L, 
240086423L, 1412576052L, -1728156075L, 1615371976L, 1196576641L, 
-1132554268L, 1964276636L, -3601125L, 796918359L, -418047676L, 
-205973226L, 71982916L, 701539195L, -14893728L, 584465210L, -280331491L, 
-1401685239L, -309575811L, 2053401078L, 936736020L, 858459827L, 
-503698886L, -2092783148L, 1753388290L, -1938870318L, -2131391483L, 
-429733550L, 542476612L, 2120404549L, -1229982279L, 393105225L, 
239890414L, 4488031L, 485729412L, 1551012788L, 876008005L, -1675610041L, 
-1518859665L, -1914386556L, 1862431529L, 1837199225L, -1855238364L, 
493656064L, -1789850761L, -2080652143L, -2007107232L, 953871064L, 
-1671829527L, -98214851L, -2017383042L, -1086906407L, 677182680L, 
-1967509126L, -355218497L, 2129702444L, 281656425L, 233048582L, 
1907540915L, 1760670018L, 227179107L, 1573370126L, -1155826436L, 
649261271L, 5159233L, -1250855664L, -998193553L, -1135652891L, 
-227160172L, 558042773L, -126652144L, -1644080567L, -1301964638L, 
-1457616291L, -174409438L, 1361520293L, -1357455292L, 2146551144L, 
-709735719L, 1351596483L, -817415309L, 1976325439L, 918588279L, 
-1693260965L, -2070950337L, -466561308L, 142437322L, 1955555978L, 
1232644298L, -14534394L, -1359411612L, -1285099999L, 1299723059L, 
-1964690934L, -561221477L, 52113603L, 219340978L, -1431473264L, 
-730053465L, 199320580L, 23838657L, 1711652725L, 1200831050L, 
1512246617L, 1570639132L, 866352052L, -450048524L, -483883849L, 
1155622940L, 1618020345L, -2033395996L, -1385868009L, 1229311255L, 
-780833663L, -463121743L, 499787420L, 679347856L, 61011517L, 
637535695L, -449445368L, 842360298L, -1727419229L, -218695333L, 
968462073L, -1583830030L, -261817790L, -1172651269L, -1247691062L, 
-18219638L, -1097908363L, -1466997580L, 2018725744L, 1178810343L, 
-1295255335L, 1899678544L, -67785185L, -2025521118L, 173557832L, 
-1954322330L, -1267375802L, -1251542542L, -1529462180L, -1681794007L, 
-992328545L, -488509121L, -1086453030L, -1361435676L, 312926785L, 
-1713864352L, 1685540920L, -365282393L, -628866417L, 449716127L, 
156864578L, -16734704L, 867035351L, -2140667550L, -1773452362L, 
-589835229L, -1647599698L, 671860668L, -942306603L, -1182636634L, 
524582245L, -1908413570L, -1268062416L, -1027526967L, -1786083055L, 
-1129630410L, -60438526L, 425399020L, 1405473775L, 256992272L, 
-127238329L, 313527606L, 1153756348L, 766678046L, -466302776L, 
-441488911L, -1577969340L, -1716852695L, -1366344177L, 838879513L, 
-383438825L, 1153266300L, 283387089L, 1982232303L, -1901909671L, 
1520450763L, -1380585744L, 264106868L, -840152263L, 1835129557L, 
-947949947L, 402916641L, -585085945L, -1853830388L, 2118459303L, 
-52583140L, 2101459564L, 605556481L, 1407581892L, -239412793L, 
736959255L, 986979057L, 685082026L, 251458751L, -224934573L, 
-1265385532L, 1622471994L, -2057110690L, -973499893L, -624467977L, 
-1745565140L, -412301203L, 1723236681L, 1514148637L, 1431305796L, 
1079104688L, 496949445L, -548593212L, -141779150L, -416386162L, 
2024048663L, 855710330L, 747815840L, -958263133L, -1626992196L, 
-767755589L, -229938019L, 365995243L, 1173042114L, 1019590197L, 
1460471949L, 1928942402L, -91154246L, 68423661L, -1331421581L, 
-1042394366L, 481274065L, 62555718L, -413775701L, 2108691801L, 
785377177L, 842398845L, -1843690293L, 1725501371L, -1200905749L, 
-1449996899L, 1826435547L, -236143505L, -2076980017L, -29001327L, 
1207899178L, -616169826L, -1061712757L, 1524758601L, -1995547379L, 
1095338284L, 1805612395L, -1362949967L, 842927935L, -486083807L, 
-1770106699L, 1840998914L, 1272091588L, -1182562510L, -1585727097L, 
-1613762129L, -397514143L, 124743500L, 1714499534L, 1727113422L, 
1953387143L, 118639264L, -147210991L, 1851595846L, 742393072L, 
1946608220L, 824012461L, 1374161585L, -1960422196L, -1815217344L, 
1336235974L, -601060298L, 1494269732L, -2061899016L, 252809514L, 
-595983592L, 1331154386L, 477614894L, 1067962553L, 2043938726L, 
630559013L, 1019121470L, -1627497323L, 284380320L, 950583574L, 
-944314745L, -326051361L, -2084369969L, 235338253L, -2071372444L, 
-1386374373L, -1231190808L, -120597711L, -419284050L, 791222018L, 
-525584134L, -1851442729L, -647442933L, -658000108L, 1332720377L, 
-1822532558L, 686466220L, 1991204566L, -1454114662L, 1346397477L, 
819148755L, 292334247L, -856089374L, -500746431L, -1979053431L, 
595962658L, -1116009978L, -1042440911L, 500679015L, 1553677024L, 
178313403L, 2014789299L, -1998185545L, -2118367408L, -1819292710L, 
-1773369986L, 1753085210L, 588676937L, -1584547820L, -722973325L, 
814487339L, 1278816195L, -54692541L, -24811150L, -619380614L, 
-750942204L, 819718705L, -1511554457L, 1349426357L, -1905517184L, 
-2105714774L, 86165840L, -351675971L, -79468435L, -208798510L, 
-675550878L, 770561699L, 2125275722L, 1763727777L, 1345329541L, 
1345553579L, 322811096L, 1314485310L, -408912714L, 1987354839L, 
